-11.60282409
0.318109414
-0.358031684
-3.158811523
-0.264108166
-3.382820069
5.625515769
-1.434527803
4.080857252
1.231051101
-4.196881491
4.449293556
2.880087777
0.434602043
-1.353887455
-3.516415745
-11.56236976
2.551373655
-0.174932211
-0.26687303
-5.65445589
-2.3276516
4.475514288
-2.224396667
1.902408258
-0.984600774
-0.670966074
0.889303919
-0.689906301
-1.652442734
2.281058187
0.334380275
-11.75503712
-6.171394489
-2.057367965
-1.378539309
-3.982204362
-2.009664968
-1.451835487
6.775808288
2.380411388
3.771747288
0.235595508
-3.298255251
9.285649867
-2.991455403
11.8999742
6.606023817
1.517728379
-1.624493962
-6.199716154
0.214758984
2.44021976
0.248164724
3.583099897
1.159060048
1.07633241
2.917095117
-0.462314347
1.421158231
0.824175004
-6.222198863
3.506520443
-3.487239155
-5.197052815
4.960693332
-0.250925041
3.506966095
-5.357032933
-2.072047209
-2.309552656
1.714297468
0.371551323
-1.232338036
-0.889926923
-1.433222678
2.12859959
1.341577445
5.744814189
-0.388454282
-4.316007107
-4.710973371
8.285169315
6.951850082
7.139497029
2.862670954
0.477721187
-2.363267413
-0.783275027
2.42218448
4.318198989
-8.96405254
-1.788048394
-2.102906365
-0.753971108
-6.795162335
-1.770822564
-4.125395208
4.14733222
-3.596378519